0 0.0680293 0.737102 0.135639 0.512549
0 0.244218 0.517727 0.15073 0.424504
0 0.479412 0.582974 0.144265 0.453759
0 0.637541 0.631737 0.14478 0.537866
0 0.0647401 0.332546 0.0960857 0.292012
0 0.726478 0.216218 0.0410259 0.149566
0 0.18901 0.229368 0.0400679 0.171923
0 0.299094 0.221226 0.0448068 0.176933
0 0.893296 0.209836 0.0269389 0.127521
0 0.605401 0.1955 0.0378072 0.146169
0 0.344183 0.22346 0.0454832 0.168483
0 0.818324 0.20582 0.0398091 0.145014
0 0.233719 0.271152 0.0515919 0.210332
0 0.844429 0.21863 0.0266389 0.160059
0 0.527803 0.156425 0.0254773 0.119531
0 0.991855 0.191726 0.0156504 0.128111
0 0.327651 0.122438 0.0194567 0.0941628
